beta 0 0.01 0.1 0.5 
dataset:mediamill
droprate:0
alpha:0 0.510448 0.512386 0.504577 0.510707 
alpha:0.0005 0.523701 0.506922 0.517158 0.520635 
alpha:0.001 0.504764 0.510842 0.503063 0.523876 
alpha:0.002 0.502881 0.513349 0.514723 0.520229 
droprate:0.1
alpha:0 0.490050 0.493424 0.471736 0.455570 
alpha:0.0005 0.492573 0.498012 0.462007 0.466833 
alpha:0.001 0.497397 0.473548 0.479115 0.448602 
alpha:0.002 0.484976 0.450749 0.490894 0.485003 
droprate:0.2
alpha:0 0.460821 0.437235 0.455896 0.454339 
alpha:0.0005 0.438373 0.453615 0.451735 0.468052 
alpha:0.001 0.444020 0.455557 0.447409 0.421329 
alpha:0.002 0.461797 0.417883 0.445221 0.408561 
droprate:0.3
alpha:0 0.385682 0.338142 0.382644 0.398569 
alpha:0.0005 0.383471 0.412630 0.423860 0.401670 
alpha:0.001 0.412896 0.405084 0.376807 0.385857 
alpha:0.002 0.391845 0.403672 0.375707 0.397293 
droprate:0.4
alpha:0 0.314533 0.303758 0.289764 0.240089 
alpha:0.0005 0.308239 0.283005 0.315778 0.259906 
alpha:0.001 0.297099 0.279338 0.288983 0.310798 
alpha:0.002 0.266395 0.247257 0.306166 0.250620 